For N = 8, M = 5:
(0 -> (0), (0 -> (0), (0 -> (0), (0 -> (0), (0 -> (0), (0 -> (0), (0 -> (0), (0))))))))
(0 -> (0 -> (0), (0)), (0 -> (0), (0 -> (0), (0 -> (0), (0 -> (0), (0 -> (0), (0)))))))
(0 -> (0 -> (0), (0 -> (0), (0))), (0 -> (0), (0 -> (0), (0 -> (0), (0 -> (0), (0))))))
(0 -> (0 -> (0), (0 -> (0), (0 -> (0), (0)))), (0 -> (0), (0 -> (0), (0 -> (0), (0)))))
(0 -> (0 -> (0), (0 -> (0), (0 -> (0), (0 -> (0), (0))))), (0 -> (0), (0 -> (0), (0))))
(0 -> (0 -> (0), (0 -> (0), (0 -> (0), (0 -> (0), (0 -> (0), (0)))))), (0 -> (0), (0)))
(0 -> (0 -> (0), (0 -> (0), (0 -> (0), (0 -> (0), (0 -> (0), (0 -> (0), (0))))))), (0))
(0 -> (0), (0), (0 -> (0), (0 -> (0), (0 -> (0), (0 -> (0), (0 -> (0), (0)))))))
(0 -> (0), (0 -> (0), (0)), (0 -> (0), (0 -> (0), (0 -> (0), (0 -> (0), (0))))))
(0 -> (0), (0 -> (0), (0 -> (0), (0))), (0 -> (0), (0 -> (0), (0 -> (0), (0)))))
(0 -> (0), (0 -> (0), (0 -> (0), (0 -> (0), (0)))), (0 -> (0), (0 -> (0), (0))))
(0 -> (0), (0 -> (0), (0 -> (0), (0 -> (0), (0 -> (0), (0))))), (0 -> (0), (0)))
(0 -> (0), (0 -> (0), (0 -> (0), (0 -> (0), (0 -> (0), (0 -> (0), (0)))))), (0))
(0 -> (0 -> (0), (0)), (0), (0 -> (0), (0 -> (0), (0 -> (0), (0 -> (0), (0))))))
(0 -> (0 -> (0), (0)), (0 -> (0), (0)), (0 -> (0), (0 -> (0), (0 -> (0), (0)))))
(0 -> (0 -> (0), (0)), (0 -> (0), (0 -> (0), (0))), (0 -> (0), (0 -> (0), (0))))
(0 -> (0 -> (0), (0)), (0 -> (0), (0 -> (0), (0 -> (0), (0)))), (0 -> (0), (0)))
(0 -> (0 -> (0), (0)), (0 -> (0), (0 -> (0), (0 -> (0), (0 -> (0), (0))))), (0))
(0 -> (0 -> (0), (0 -> (0), (0))), (0), (0 -> (0), (0 -> (0), (0 -> (0), (0)))))
(0 -> (0 -> (0), (0 -> (0), (0))), (0 -> (0), (0)), (0 -> (0), (0 -> (0), (0))))
(0 -> (0 -> (0), (0 -> (0), (0))), (0 -> (0), (0 -> (0), (0))), (0 -> (0), (0)))
(0 -> (0 -> (0), (0 -> (0), (0))), (0 -> (0), (0 -> (0), (0 -> (0), (0)))), (0))
(0 -> (0 -> (0), (0 -> (0), (0 -> (0), (0)))), (0), (0 -> (0), (0 -> (0), (0))))
(0 -> (0 -> (0), (0 -> (0), (0 -> (0), (0)))), (0 -> (0), (0)), (0 -> (0), (0)))
(0 -> (0 -> (0), (0 -> (0), (0 -> (0), (0)))), (0 -> (0), (0 -> (0), (0))), (0))
(0 -> (0 -> (0), (0 -> (0), (0 -> (0), (0 -> (0), (0))))), (0), (0 -> (0), (0)))
(0 -> (0 -> (0), (0 -> (0), (0 -> (0), (0 -> (0), (0))))), (0 -> (0), (0)), (0))
(0 -> (0 -> (0), (0 -> (0), (0 -> (0), (0 -> (0), (0 -> (0), (0)))))), (0), (0))
(0 -> (0), (0), (0), (0 -> (0), (0 -> (0), (0 -> (0), (0 -> (0), (0))))))
(0 -> (0), (0), (0 -> (0), (0)), (0 -> (0), (0 -> (0), (0 -> (0), (0)))))
(0 -> (0), (0), (0 -> (0), (0 -> (0), (0))), (0 -> (0), (0 -> (0), (0))))
(0 -> (0), (0), (0 -> (0), (0 -> (0), (0 -> (0), (0)))), (0 -> (0), (0)))
(0 -> (0), (0), (0 -> (0), (0 -> (0), (0 -> (0), (0 -> (0), (0))))), (0))
(0 -> (0), (0 -> (0), (0)), (0), (0 -> (0), (0 -> (0), (0 -> (0), (0)))))
(0 -> (0), (0 -> (0), (0)), (0 -> (0), (0)), (0 -> (0), (0 -> (0), (0))))
(0 -> (0), (0 -> (0), (0)), (0 -> (0), (0 -> (0), (0))), (0 -> (0), (0)))
(0 -> (0), (0 -> (0), (0)), (0 -> (0), (0 -> (0), (0 -> (0), (0)))), (0))
(0 -> (0), (0 -> (0), (0 -> (0), (0))), (0), (0 -> (0), (0 -> (0), (0))))
(0 -> (0), (0 -> (0), (0 -> (0), (0))), (0 -> (0), (0)), (0 -> (0), (0)))
(0 -> (0), (0 -> (0), (0 -> (0), (0))), (0 -> (0), (0 -> (0), (0))), (0))
(0 -> (0), (0 -> (0), (0 -> (0), (0 -> (0), (0)))), (0), (0 -> (0), (0)))
(0 -> (0), (0 -> (0), (0 -> (0), (0 -> (0), (0)))), (0 -> (0), (0)), (0))
(0 -> (0), (0 -> (0), (0 -> (0), (0 -> (0), (0 -> (0), (0))))), (0), (0))
(0 -> (0 -> (0), (0)), (0), (0), (0 -> (0), (0 -> (0), (0 -> (0), (0)))))
(0 -> (0 -> (0), (0)), (0), (0 -> (0), (0)), (0 -> (0), (0 -> (0), (0))))
(0 -> (0 -> (0), (0)), (0), (0 -> (0), (0 -> (0), (0))), (0 -> (0), (0)))
(0 -> (0 -> (0), (0)), (0), (0 -> (0), (0 -> (0), (0 -> (0), (0)))), (0))
(0 -> (0 -> (0), (0)), (0 -> (0), (0)), (0), (0 -> (0), (0 -> (0), (0))))
(0 -> (0 -> (0), (0)), (0 -> (0), (0)), (0 -> (0), (0)), (0 -> (0), (0)))
(0 -> (0 -> (0), (0)), (0 -> (0), (0)), (0 -> (0), (0 -> (0), (0))), (0))
(0 -> (0 -> (0), (0)), (0 -> (0), (0 -> (0), (0))), (0), (0 -> (0), (0)))
(0 -> (0 -> (0), (0)), (0 -> (0), (0 -> (0), (0))), (0 -> (0), (0)), (0))
(0 -> (0 -> (0), (0)), (0 -> (0), (0 -> (0), (0 -> (0), (0)))), (0), (0))
(0 -> (0 -> (0), (0 -> (0), (0))), (0), (0), (0 -> (0), (0 -> (0), (0))))
(0 -> (0 -> (0), (0 -> (0), (0))), (0), (0 -> (0), (0)), (0 -> (0), (0)))
(0 -> (0 -> (0), (0 -> (0), (0))), (0), (0 -> (0), (0 -> (0), (0))), (0))
(0 -> (0 -> (0), (0 -> (0), (0))), (0 -> (0), (0)), (0), (0 -> (0), (0)))
(0 -> (0 -> (0), (0 -> (0), (0))), (0 -> (0), (0)), (0 -> (0), (0)), (0))
(0 -> (0 -> (0), (0 -> (0), (0))), (0 -> (0), (0 -> (0), (0))), (0), (0))
(0 -> (0 -> (0), (0 -> (0), (0 -> (0), (0)))), (0), (0), (0 -> (0), (0)))
(0 -> (0 -> (0), (0 -> (0), (0 -> (0), (0)))), (0), (0 -> (0), (0)), (0))
(0 -> (0 -> (0), (0 -> (0), (0 -> (0), (0)))), (0 -> (0), (0)), (0), (0))
(0 -> (0 -> (0), (0 -> (0), (0 -> (0), (0 -> (0), (0))))), (0), (0), (0))
(0 -> (0), (0), (0), (0), (0 -> (0), (0 -> (0), (0 -> (0), (0)))))
(0 -> (0), (0), (0), (0 -> (0), (0)), (0 -> (0), (0 -> (0), (0))))
(0 -> (0), (0), (0), (0 -> (0), (0 -> (0), (0))), (0 -> (0), (0)))
(0 -> (0), (0), (0), (0 -> (0), (0 -> (0), (0 -> (0), (0)))), (0))
(0 -> (0), (0), (0 -> (0), (0)), (0), (0 -> (0), (0 -> (0), (0))))
(0 -> (0), (0), (0 -> (0), (0)), (0 -> (0), (0)), (0 -> (0), (0)))
(0 -> (0), (0), (0 -> (0), (0)), (0 -> (0), (0 -> (0), (0))), (0))
(0 -> (0), (0), (0 -> (0), (0 -> (0), (0))), (0), (0 -> (0), (0)))
(0 -> (0), (0), (0 -> (0), (0 -> (0), (0))), (0 -> (0), (0)), (0))
(0 -> (0), (0), (0 -> (0), (0 -> (0), (0 -> (0), (0)))), (0), (0))
(0 -> (0), (0 -> (0), (0)), (0), (0), (0 -> (0), (0 -> (0), (0))))
(0 -> (0), (0 -> (0), (0)), (0), (0 -> (0), (0)), (0 -> (0), (0)))
(0 -> (0), (0 -> (0), (0)), (0), (0 -> (0), (0 -> (0), (0))), (0))
(0 -> (0), (0 -> (0), (0)), (0 -> (0), (0)), (0), (0 -> (0), (0)))
(0 -> (0), (0 -> (0), (0)), (0 -> (0), (0)), (0 -> (0), (0)), (0))
(0 -> (0), (0 -> (0), (0)), (0 -> (0), (0 -> (0), (0))), (0), (0))
(0 -> (0), (0 -> (0), (0 -> (0), (0))), (0), (0), (0 -> (0), (0)))
(0 -> (0), (0 -> (0), (0 -> (0), (0))), (0), (0 -> (0), (0)), (0))
(0 -> (0), (0 -> (0), (0 -> (0), (0))), (0 -> (0), (0)), (0), (0))
(0 -> (0), (0 -> (0), (0 -> (0), (0 -> (0), (0)))), (0), (0), (0))
(0 -> (0 -> (0), (0)), (0), (0), (0), (0 -> (0), (0 -> (0), (0))))
(0 -> (0 -> (0), (0)), (0), (0), (0 -> (0), (0)), (0 -> (0), (0)))
(0 -> (0 -> (0), (0)), (0), (0), (0 -> (0), (0 -> (0), (0))), (0))
(0 -> (0 -> (0), (0)), (0), (0 -> (0), (0)), (0), (0 -> (0), (0)))
(0 -> (0 -> (0), (0)), (0), (0 -> (0), (0)), (0 -> (0), (0)), (0))
(0 -> (0 -> (0), (0)), (0), (0 -> (0), (0 -> (0), (0))), (0), (0))
(0 -> (0 -> (0), (0)), (0 -> (0), (0)), (0), (0), (0 -> (0), (0)))
(0 -> (0 -> (0), (0)), (0 -> (0), (0)), (0), (0 -> (0), (0)), (0))
(0 -> (0 -> (0), (0)), (0 -> (0), (0)), (0 -> (0), (0)), (0), (0))
(0 -> (0 -> (0), (0)), (0 -> (0), (0 -> (0), (0))), (0), (0), (0))
(0 -> (0 -> (0), (0 -> (0), (0))), (0), (0), (0), (0 -> (0), (0)))
(0 -> (0 -> (0), (0 -> (0), (0))), (0), (0), (0 -> (0), (0)), (0))
(0 -> (0 -> (0), (0 -> (0), (0))), (0), (0 -> (0), (0)), (0), (0))
(0 -> (0 -> (0), (0 -> (0), (0))), (0 -> (0), (0)), (0), (0), (0))
(0 -> (0 -> (0), (0 -> (0), (0 -> (0), (0)))), (0), (0), (0), (0))
(0 -> (0), (0), (0), (0), (0), (0 -> (0), (0 -> (0), (0))))
(0 -> (0), (0), (0), (0), (0 -> (0), (0)), (0 -> (0), (0)))
(0 -> (0), (0), (0), (0), (0 -> (0), (0 -> (0), (0))), (0))
(0 -> (0), (0), (0), (0 -> (0), (0)), (0), (0 -> (0), (0)))
(0 -> (0), (0), (0), (0 -> (0), (0)), (0 -> (0), (0)), (0))
(0 -> (0), (0), (0), (0 -> (0), (0 -> (0), (0))), (0), (0))
(0 -> (0), (0), (0 -> (0), (0)), (0), (0), (0 -> (0), (0)))
(0 -> (0), (0), (0 -> (0), (0)), (0), (0 -> (0), (0)), (0))
(0 -> (0), (0), (0 -> (0), (0)), (0 -> (0), (0)), (0), (0))
(0 -> (0), (0), (0 -> (0), (0 -> (0), (0))), (0), (0), (0))
(0 -> (0), (0 -> (0), (0)), (0), (0), (0), (0 -> (0), (0)))
(0 -> (0), (0 -> (0), (0)), (0), (0), (0 -> (0), (0)), (0))
(0 -> (0), (0 -> (0), (0)), (0), (0 -> (0), (0)), (0), (0))
(0 -> (0), (0 -> (0), (0)), (0 -> (0), (0)), (0), (0), (0))
(0 -> (0), (0 -> (0), (0 -> (0), (0))), (0), (0), (0), (0))
(0 -> (0 -> (0), (0)), (0), (0), (0), (0), (0 -> (0), (0)))
(0 -> (0 -> (0), (0)), (0), (0), (0), (0 -> (0), (0)), (0))
(0 -> (0 -> (0), (0)), (0), (0), (0 -> (0), (0)), (0), (0))
(0 -> (0 -> (0), (0)), (0), (0 -> (0), (0)), (0), (0), (0))
(0 -> (0 -> (0), (0)), (0 -> (0), (0)), (0), (0), (0), (0))
(0 -> (0 -> (0), (0 -> (0), (0))), (0), (0), (0), (0), (0))
(0 -> (0), (0), (0), (0), (0), (0), (0 -> (0), (0)))
(0 -> (0), (0), (0), (0), (0), (0 -> (0), (0)), (0))
(0 -> (0), (0), (0), (0), (0 -> (0), (0)), (0), (0))
(0 -> (0), (0), (0), (0 -> (0), (0)), (0), (0), (0))
(0 -> (0), (0), (0 -> (0), (0)), (0), (0), (0), (0))
(0 -> (0), (0 -> (0), (0)), (0), (0), (0), (0), (0))
(0 -> (0 -> (0), (0)), (0), (0), (0), (0), (0), (0))
(0 -> (0), (0), (0), (0), (0), (0), (0), (0))
Total number of trees: 127

Process finished with exit code 0
